cam0:
  cam_overlaps: []
  camera_model: pinhole
  distortion_coeffs: [-0.27632825388178334, 0.0733041439096921, -0.00015408194536508488, -3.039378585093087e-05]
  distortion_model: radtan
  intrinsics: [448.24317239815787, 447.88113349903773, 325.2550869383401, 242.3517901446831]
  resolution: [640, 480]
  rostopic: /basler_camera/image_mono
