cam0:
  cam_overlaps: []
  camera_model: pinhole
  distortion_coeffs: [-0.2765341692073182, 0.07382269292780286, 0.00025674867904985666, 0.0012568862788487742]
  distortion_model: radtan
  intrinsics: [437.3412312213781, 438.0867474272743, 328.5442810236917, 239.2536470406629]
  resolution: [640, 480]
  rostopic: /basler_camera/image_mono
